perf

acc
decision function 
auc

0.575

[-0.66266626 -0.04563984 -0.02089673 -0.34329711  0.09675635 -0.44882531
 -0.28750179 -0.03023707 -0.00549396  0.07504447 -0.39786188  0.3461413
  0.54864898  0.67569451  0.28072759 -0.61055175 -0.77041085  0.6738703
  0.32256784  0.27507545 -0.85879434 -0.14162683  0.3140452   0.81656794
 -0.19528873  0.94937215  0.27267638  0.20843378  0.08419564  0.39074621
  0.41697942 -0.6377169  -0.17922191 -0.10588896 -0.25227651 -0.14227288
 -0.9915379   0.63685964  0.09743558 -0.51082825]

0.608585858586

[[13  9]
 [ 8 10]]

 